100093560022640
61552810846027
100093524167088
100082300040582
100032210954984
61554337096502
100018233434644
61557675392206
100030502714197
100088675338730
100028910023721
100027249532533
100010218577436
100066803211120
100014288760886
100001981981109
100066803211120
100014288760886
100001981981109
61555585962489
100089764985233
61556575727824
100029964072610
61555847743861
100056934202941
100023274023575
100076392761892
61557047638026
100084500772363
100043058870223
100077989275209
100009072761540
100071605220964
100011016977196
100095325708650
100093231591669
61556350287962
61552988614610
61555041256313
100094323504973
100093560022640
61552810846027
100093524167088
100082300040582
100032210954984
61554337096502
100018233434644
61557675392206
100030502714197
100041546830287
100021900965335
1523995854
100075198646233
61558043540238
61557482010939
100056669172772
100089070223141
100081512324828
100008464726270
61552628080836
100093510613603
61556627231703
100092440331430
100009276992405
100025626200480
61556732307116
100027485626092
100092075486339
61555170460416
100063504848289
61553317079399
100007674438604
61554671910208
100002229066747
61556713809220
100077175970431
61556910060787
100041226652754
61551010951505
61550841966296
100043737923291
100024669472042
100036515493996
61556946263049
100072333144798
61554707554266
100074246072927
61555796234882
100058268543632
100016838432902
61556125359286
100086276131770
61557074154622
61550942554676
61555129986227
100071222533951
61552797844483
100082067029143
100052200681576
100071269783080
61551771405728
61555882753130
100067426894745
61555838133477
100074432486286
61557508651302
100089452200991
61556353689925
61557880340785
100025073053504
61552551376538
100092525823562
61554476218720
61552121036646
100050227426185
100082564687474
100012850392089
61556078377293
61556724327064
61550228014931
61554682298777
100071981465417
100090062396240
61556239501732
100037083261921
61555451041732
61556540755848
100055277195951
61556555346486
100093093024408
100072261346252
61554702970876
100085310835476
100094615350939
100084235456444
61556656495189
100052432344236
100034097738533
100069070304987
61550922511342
100075096685142
61550227063332
61551941987859
61557751524758
100010417932431
100029954978066
100077420312579
100011659943385
61556267896680
100095598332889
100094543569375
61556644564003
100089778041513
100086574506213
61557733225910
61555051925580
100092487891450
61555392152513
61552507921209
61553475664676
61554414377131
61554855313401
100074883248784
61552851399135
61554917258985
61554658851619
100085564482410
61555704583272
100011323920041
61552131448458
61557504372378
100091401491752
100048419654451
100011044140443
61555201404940
100021212700251
61550737437049
100091725439083
100080401823659
100004719600664
61556550131499
100084492472028
61557530614597
100073358625087
61556881944245
100082098286938
61550072997492
100005558055129
61555801048343
61557257134114
61557094617691
100049236244883
100050333203731
100063548889065
100070086379832
100081062612276
61552352081967
100091941399299
100088671878016
100067183746761
100051833553482
100039688550274
61555867683525
61554878591239
61551032470660
100092189741289
100017073097711
100010281573572
100014232728546
100067555710029
100093337103745
100092127860354
100002992398312
61556409076424
100003000193147
61556139636967
100094894216593
61551891215353
100090707122849
100084500070583
100044592218300
100092526411716
61556597521797
100053515210949
100013840816118
100087629539809
61552685917634
61556940216150
